000111111
000101001
111110111
111001000
111110001
001010000
111110101
011010100
110010000
111110001
000010000
111110011
100000010
000110000
111110111
111001000
111110010
001011000
111101011
011011100
110011000
111110010
000011000
111100001
100011000
111000101
010000110
101000101
111111100
011001001
110001000
111110111
111001000
111110100
001101000
111101011
011101111
110101000
111110100
000101000
000101001
111100001
100010000
111110110
011001001
110001000
111110111
111001000
111110100
000101000
111000101
010000110
101000101
111100000
111001000
111000100
111010011
111101000
011011001
110011000
111111000
001000001
111100001
100001000
111111001
011011011
110011000
111100001
100100000
111111011
111010010
111101101
111001000
111111010
011000010
110000001
000011010
011011101
001011100
111100001
100010000
100100000
111000101
010000110
101000101
111111100
011001001
110001000
111100000